[cosmological_parameters]
omega_m = 0.1     0.31    0.6
h0 = 0.58    0.69    0.80
omega_b = 0.03    0.051    0.07
n_s = 0.93    0.965    1.00
a_s = 0.5e-09 1.831e-09  5.0e-09
w = -1.0
omega_k = 0.0
tau = 0.054
yhe = 0.245341
standard_neutrino_neff = 3.044
num_massive_neutrinos = 3
nnu = 3.044
mnu = 0.06 0.0773062 0.6
mu0 = -0.9999 0. 2.9999
sigma0 = -1. 0. 3.
q1 = -2. 0. 2.

[lens_photoz_errors]
bias_1 = -0.05  0.0  0.05
bias_2 = -0.05  0.0  0.05
bias_3 = -0.05  0.0  0.05
bias_4 = -0.05  0.0  0.05
bias_5 = -0.05  0.0  0.05
bias_6 = -0.05  0.0  0.05
width_1 = 0.1 1.0 1.9
width_2 = 0.1 1.0 1.9
width_3 = 0.1 1.0 1.9
width_4 = 0.1 1.0 1.9
width_5 = 0.1 1.0 1.9
width_6 = 0.1 1.0 1.9

[bias_lens]
b1 = -1.0
b2 = -1.0
b3 = -1.0
b4 = -1.0
b5 = -1.0
b6 = -1.0
b1e_bin1 = 0.8 1.54 3.0
b1e_bin2 = 0.8 1.81 3.0
b1e_bin3 = 0.8 1.85 3.0
b1e_bin4 = 0.8 1.76 3.0
b1e_bin5 = 0.8 1.93 3.0
b1e_bin6 = 0.8 1.90 3.0
b2e_bin1 = -3.0 0.28 3.0
b2e_bin2 = -3.0 0.50 3.0
b2e_bin3 = -3.0 0.53 3.0
b2e_bin4 = -3.0 0.46 3.0
b2e_bin5 = -3.0 0.59 3.0
b2e_bin6 = -3.0 0.57 3.0

[mag_alpha_lens]
alpha_1 = -2. 1.58 6.
alpha_2 = -2. 1.38 6.
alpha_3 = -2. 2.04 6.
alpha_4 = -2. 2.21 6.
alpha_5 = -2. 2.45 6.
alpha_6 = -2. 2.42 6.

[shear_calibration_parameters]
m1 = -0.1  0.0  0.1
m2 = -0.1  0.0  0.1
m3 = -0.1  0.0  0.1
m4 = -0.1  0.0  0.1

[wl_photoz_errors]
bias_1 = -0.1   0.0   0.1
bias_2 = -0.1   0.0   0.1
bias_3 = -0.1   0.0   0.1
bias_4 = -0.1   0.0   0.1

[halo_model_parameters]
logt_agn = 7.7

[intrinsic_alignment_parameters]
z_piv = 0.3
a1 = -1.0  0.13   3.0
a2 = -3.0  -0.2  3.0
alpha1 = -5.0  2.0  5.0
alpha2 = -5.0  2.0  5.0
bias_ta = 1.0